#     Tempo(s)     Vno'001(V)      Vno'002(V)      Vno'003(V)      IcompL1(A)      IcompV1(A)   
 1.00000000e-09  1.00000000e-01  9.99000999e-02  9.99000998e-02  9.99000998e-08 -9.99000937e-08 
 1.00000000e-04  1.00000000e+01  4.68862916e-01 -9.54068733e-03  9.53113708e-03 -9.53113708e-03 
 2.00000000e-04  1.00000000e+01  9.33929217e-01 -9.07515503e-03  9.06607078e-03 -9.06607078e-03 
 3.00000000e-04  1.00000000e+01  1.37630288e+00 -8.63233811e-03  8.62369712e-03 -8.62369712e-03 
 4.00000000e-04  1.00000000e+01  1.79709117e+00 -8.21112818e-03  8.20290883e-03 -8.20290883e-03 
 5.00000000e-04  1.00000000e+01  2.19734735e+00 -7.81047095e-03  7.80265265e-03 -7.80265265e-03 
 6.00000000e-04  1.00000000e+01  2.57807325e+00 -7.42936355e-03  7.42192675e-03 -7.42192675e-03 
 7.00000000e-04  1.00000000e+01  2.94022186e+00 -7.06685207e-03  7.05977814e-03 -7.05977814e-03 
 8.00000000e-04  1.00000000e+01  3.28469964e+00 -6.72202913e-03  6.71530036e-03 -6.71530036e-03 
 9.00000000e-04  1.00000000e+01  3.61236882e+00 -6.39403162e-03  6.38763118e-03 -6.38763118e-03 
 1.00000000e-03  1.00000000e+01  3.92404958e+00 -6.08203856e-03  6.07595042e-03 -6.07595042e-03 
 1.10000000e-03  1.00000000e+01  4.22052205e+00 -5.78526902e-03  5.77947795e-03 -5.77947795e-03 
 1.20000000e-03  1.00000000e+01  4.50252832e+00 -5.50298017e-03  5.49747168e-03 -5.49747168e-03 
 1.30000000e-03  1.00000000e+01  4.77077426e+00 -5.23446545e-03  5.22922574e-03 -5.22922574e-03 
 1.40000000e-03  1.00000000e+01  5.02593130e+00 -4.97905275e-03  4.97406870e-03 -4.97406870e-03 
 1.50000000e-03  1.00000000e+01  5.26863809e+00 -4.73610276e-03  4.73136191e-03 -4.73136191e-03 
 1.60000000e-03  1.00000000e+01  5.49950215e+00 -4.50500737e-03  4.50049785e-03 -4.50049785e-03 
 1.70000000e-03  1.00000000e+01  5.71910133e+00 -4.28518815e-03  4.28089867e-03 -4.28089867e-03 
 1.80000000e-03  1.00000000e+01  5.92798529e+00 -4.07609489e-03  4.07201471e-03 -4.07201471e-03 
 1.90000000e-03  1.00000000e+01  6.12667689e+00 -3.87720420e-03  3.87332311e-03 -3.87332311e-03 
 2.00000000e-03  1.00000000e+01  6.31567344e+00 -3.68801827e-03  3.68432656e-03 -3.68432656e-03 
 2.10000000e-03  1.00000000e+01  6.49544802e+00 -3.50806356e-03  3.50455198e-03 -3.50455198e-03 
 2.20000000e-03  1.00000000e+01  6.66645060e+00 -3.33688964e-03  3.33354940e-03 -3.33354940e-03 
 2.30000000e-03  1.00000000e+01  6.82910920e+00 -3.17406805e-03  3.17089080e-03 -3.17089080e-03 
 2.40000000e-03  1.00000000e+01  6.98383098e+00 -3.01919124e-03  3.01616902e-03 -3.01616902e-03 
 2.50000000e-03  1.00000000e+01  7.13100320e+00 -2.87187155e-03  2.86899680e-03 -2.86899680e-03 
 2.60000000e-03  1.00000000e+01  7.27099423e+00 -2.73174025e-03  2.72900577e-03 -2.72900577e-03 
 2.70000000e-03  1.00000000e+01  7.40415448e+00 -2.59844657e-03  2.59584552e-03 -2.59584552e-03 
 2.80000000e-03  1.00000000e+01  7.53081726e+00 -2.47165688e-03  2.46918274e-03 -2.46918274e-03 
 2.90000000e-03  1.00000000e+01  7.65129960e+00 -2.35105381e-03  2.34870040e-03 -2.34870040e-03 
 3.00000000e-03  1.00000000e+01  7.76590307e+00 -2.23633551e-03  2.23409693e-03 -2.23409693e-03 
 3.10000000e-03  1.00000000e+01  7.87491453e+00 -2.12721482e-03  2.12508547e-03 -2.12508547e-03 
 3.20000000e-03  1.00000000e+01  7.97860684e+00 -2.02341860e-03  2.02139316e-03 -2.02139316e-03 
 3.30000000e-03  1.00000000e+01  8.07723955e+00 -1.92468707e-03  1.92276045e-03 -1.92276045e-03 
 3.40000000e-03  1.00000000e+01  8.17105953e+00 -1.83077308e-03  1.82894047e-03 -1.82894047e-03 
 3.50000000e-03  1.00000000e+01  8.26030162e+00 -1.74144157e-03  1.73969838e-03 -1.73969838e-03 
 3.60000000e-03  1.00000000e+01  8.34518919e+00 -1.65646894e-03  1.65481081e-03 -1.65481081e-03 
 3.70000000e-03  1.00000000e+01  8.42593472e+00 -1.57564250e-03  1.57406528e-03 -1.57406528e-03 
 3.80000000e-03  1.00000000e+01  8.50274032e+00 -1.49875994e-03  1.49725968e-03 -1.49725968e-03 
 3.90000000e-03  1.00000000e+01  8.57579824e+00 -1.42562882e-03  1.42420176e-03 -1.42420176e-03 
 4.00000000e-03  1.00000000e+01  8.64529134e+00 -1.35606609e-03  1.35470866e-03 -1.35470866e-03 
 4.10000000e-03  1.00000000e+01  8.71139356e+00 -1.28989763e-03  1.28860644e-03 -1.28860644e-03 
 4.20000000e-03  1.00000000e+01  8.77427037e+00 -1.22695782e-03  1.22572963e-03 -1.22572963e-03 
 4.30000000e-03  1.00000000e+01  8.83407913e+00 -1.16708913e-03  1.16592087e-03 -1.16592087e-03 
 4.40000000e-03  1.00000000e+01  8.89096956e+00 -1.11014169e-03  1.10903044e-03 -1.10903044e-03 
 4.50000000e-03  1.00000000e+01  8.94508406e+00 -1.05597297e-03  1.05491594e-03 -1.05491594e-03 
 4.60000000e-03  1.00000000e+01  8.99655807e+00 -1.00444738e-03  1.00344193e-03 -1.00344193e-03 
 4.70000000e-03  1.00000000e+01  9.04552044e+00 -9.55435957e-04  9.54479563e-04 -9.54479563e-04 
 4.80000000e-03  1.00000000e+01  9.09209371e+00 -9.08816015e-04  9.07906286e-04 -9.07906286e-04 
 4.90000000e-03  1.00000000e+01  9.13639447e+00 -8.64470865e-04  8.63605526e-04 -8.63605526e-04 
 5.00000000e-03  1.00000000e+01  9.17853360e+00 -8.22289510e-04  8.21466396e-04 -8.21466396e-04 
 5.10000000e-03  1.00000000e+01  9.21861658e+00 -7.82166371e-04  7.81383420e-04 -7.81383420e-04 
 5.20000000e-03  1.00000000e+01  9.25674373e+00 -7.44001018e-04  7.43256270e-04 -7.43256270e-04 
 5.30000000e-03  1.00000000e+01  9.29301049e+00 -7.07697920e-04  7.06989511e-04 -7.06989511e-04 
 5.40000000e-03  1.00000000e+01  9.32750763e+00 -6.73166210e-04  6.72492368e-04 -6.72492368e-04 
 5.50000000e-03  1.00000000e+01  9.36032151e+00 -6.40319456e-04  6.39678494e-04 -6.39678494e-04 
 5.60000000e-03  1.00000000e+01  9.39153425e+00 -6.09075440e-04  6.08465753e-04 -6.08465753e-04 
 5.70000000e-03  1.00000000e+01  9.42122398e+00 -5.79355958e-04  5.78776020e-04 -5.78776020e-04 
 5.80000000e-03  1.00000000e+01  9.44946502e+00 -5.51086620e-04  5.50534980e-04 -5.50534980e-04 
 5.90000000e-03  1.00000000e+01  9.47632805e+00 -5.24196669e-04  5.23671945e-04 -5.23671945e-04 
 6.00000000e-03  1.00000000e+01  9.50188032e+00 -4.98618796e-04  4.98119676e-04 -4.98119676e-04 
 6.10000000e-03  1.00000000e+01  9.52618578e+00 -4.74288982e-04  4.73814216e-04 -4.73814216e-04 
 6.20000000e-03  1.00000000e+01  9.54930527e+00 -4.51146327e-04  4.50694726e-04 -4.50694726e-04 
 6.30000000e-03  1.00000000e+01  9.57129666e+00 -4.29132903e-04  4.28703339e-04 -4.28703339e-04 
 6.40000000e-03  1.00000000e+01  9.59221499e+00 -4.08193612e-04  4.07785008e-04 -4.07785008e-04 
 6.50000000e-03  1.00000000e+01  9.61211262e+00 -3.88276042e-04  3.87887375e-04 -3.87887375e-04 
 6.60000000e-03  1.00000000e+01  9.63103936e+00 -3.69330338e-04  3.68960636e-04 -3.68960636e-04 
 6.70000000e-03  1.00000000e+01  9.64904258e+00 -3.51309078e-04  3.50957416e-04 -3.50957416e-04 
 6.80000000e-03  1.00000000e+01  9.66616735e+00 -3.34167156e-04  3.33832653e-04 -3.33832653e-04 
 6.90000000e-03  1.00000000e+01  9.68245652e+00 -3.17861663e-04  3.17543482e-04 -3.17543482e-04 
 7.00000000e-03  1.00000000e+01  9.69795087e+00 -3.02351788e-04  3.02049132e-04 -3.02049132e-04 
 7.10000000e-03  1.00000000e+01  9.71268918e+00 -2.87598709e-04  2.87310820e-04 -2.87310820e-04 
 7.20000000e-03  1.00000000e+01  9.72670834e+00 -2.73565497e-04  2.73291655e-04 -2.73291655e-04 
 7.30000000e-03  1.00000000e+01  9.74004345e+00 -2.60217027e-04  2.59956548e-04 -2.59956548e-04 
 7.40000000e-03  1.00000000e+01  9.75272788e+00 -2.47519888e-04  2.47272119e-04 -2.47272119e-04 
 7.50000000e-03  1.00000000e+01  9.76479338e+00 -2.35442299e-04  2.35206619e-04 -2.35206619e-04 
 7.60000000e-03  1.00000000e+01  9.77627015e+00 -2.23954029e-04  2.23729849e-04 -2.23729849e-04 
 7.70000000e-03  1.00000000e+01  9.78718692e+00 -2.13026321e-04  2.12813081e-04 -2.12813081e-04 
 7.80000000e-03  1.00000000e+01  9.79757101e+00 -2.02631826e-04  2.02428990e-04 -2.02428990e-04 
 7.90000000e-03  1.00000000e+01  9.80744842e+00 -1.92744525e-04  1.92551585e-04 -1.92551585e-04 
 8.00000000e-03  1.00000000e+01  9.81684386e+00 -1.83339667e-04  1.83156142e-04 -1.83156142e-04 
 8.10000000e-03  1.00000000e+01  9.82578086e+00 -1.74393715e-04  1.74219144e-04 -1.74219144e-04 
 8.20000000e-03  1.00000000e+01  9.83428178e+00 -1.65884274e-04  1.65718222e-04 -1.65718222e-04 
 8.30000000e-03  1.00000000e+01  9.84236790e+00 -1.57790047e-04  1.57632098e-04 -1.57632098e-04 
 8.40000000e-03  1.00000000e+01  9.85005947e+00 -1.50090774e-04  1.49940531e-04 -1.49940531e-04 
 8.50000000e-03  1.00000000e+01  9.85737573e+00 -1.42767181e-04  1.42624270e-04 -1.42624270e-04 
 8.60000000e-03  1.00000000e+01  9.86433500e+00 -1.35800940e-04  1.35665002e-04 -1.35665002e-04 
 8.70000000e-03  1.00000000e+01  9.87095469e+00 -1.29174612e-04  1.29045307e-04 -1.29045307e-04 
 8.80000000e-03  1.00000000e+01  9.87725138e+00 -1.22871612e-04  1.22748616e-04 -1.22748616e-04 
 8.90000000e-03  1.00000000e+01  9.88324083e+00 -1.16876163e-04  1.16759168e-04 -1.16759168e-04 
 9.00000000e-03  1.00000000e+01  9.88893803e+00 -1.11173259e-04  1.11061972e-04 -1.11061972e-04 
 9.10000000e-03  1.00000000e+01  9.89435723e+00 -1.05748624e-04  1.05642768e-04 -1.05642768e-04 
 9.20000000e-03  1.00000000e+01  9.89951201e+00 -1.00588681e-04  1.00487990e-04 -1.00487990e-04 
 9.30000000e-03  1.00000000e+01  9.90441526e+00 -9.56805149e-05  9.55847372e-05 -9.55847372e-05 
 9.40000000e-03  1.00000000e+01  9.90907926e+00 -9.10118394e-05  9.09207354e-05 -9.09207354e-05 
 9.50000000e-03  1.00000000e+01  9.91351569e+00 -8.65709692e-05  8.64843109e-05 -8.64843109e-05 
 9.60000000e-03  1.00000000e+01  9.91773564e+00 -8.23467894e-05  8.22643591e-05 -8.22643591e-05 
 9.70000000e-03  1.00000000e+01  9.92174968e+00 -7.83287259e-05  7.82503174e-05 -7.82503174e-05 
 9.80000000e-03  1.00000000e+01  9.92556786e+00 -7.45067208e-05  7.44321386e-05 -7.44321386e-05 
 9.90000000e-03  1.00000000e+01  9.92919973e+00 -7.08712088e-05  7.08002656e-05 -7.08002656e-05 
 1.00000000e-02  1.00000000e+01  9.93265439e+00 -6.74130901e-05  6.73456077e-05 -6.73456077e-05 
 1.01000000e-02  0.00000000e+00  9.46707766e+00  9.47656372e-03 -9.46707766e-03  9.46707766e-03 
 1.02000000e-02  0.00000000e+00  9.00513710e+00  9.01416029e-03 -9.00513710e-03  9.00513710e-03 
 1.03000000e-02  0.00000000e+00  8.56573667e+00  8.57431958e-03 -8.56573667e-03  8.56573667e-03 
 1.04000000e-02  0.00000000e+00  8.14777652e+00  8.15594063e-03 -8.14777652e-03  8.14777652e-03 
 1.05000000e-02  0.00000000e+00  7.75021049e+00  7.75797624e-03 -7.75021049e-03  7.75021049e-03 
 1.06000000e-02  0.00000000e+00  7.37204347e+00  7.37943029e-03 -7.37204347e-03  7.37204347e-03 
 1.07000000e-02  0.00000000e+00  7.01232889e+00  7.01935528e-03 -7.01232889e-03  7.01232889e-03 
 1.08000000e-02  0.00000000e+00  6.67016637e+00  6.67684991e-03 -6.67016637e-03  6.67016637e-03 
 1.09000000e-02  0.00000000e+00  6.34469947e+00  6.35105689e-03 -6.34469947e-03  6.34469947e-03 
 1.10000000e-02  0.00000000e+00  6.03511355e+00  6.04116076e-03 -6.03511355e-03  6.03511355e-03 
 1.11000000e-02  0.00000000e+00  5.74063368e+00  5.74638583e-03 -5.74063368e-03  5.74063368e-03 
 1.12000000e-02  0.00000000e+00  5.46052280e+00  5.46599427e-03 -5.46052280e-03  5.46052280e-03 
 1.13000000e-02  0.00000000e+00  5.19407976e+00  5.19928425e-03 -5.19407976e-03  5.19407976e-03 
 1.14000000e-02  0.00000000e+00  4.94063765e+00  4.94558819e-03 -4.94063765e-03  4.94063765e-03 
 1.15000000e-02  0.00000000e+00  4.69956210e+00  4.70427109e-03 -4.69956210e-03  4.69956210e-03 
 1.16000000e-02  0.00000000e+00  4.47024970e+00  4.47472891e-03 -4.47024970e-03  4.47024970e-03 
 1.17000000e-02  0.00000000e+00  4.25212646e+00  4.25638711e-03 -4.25212646e-03  4.25212646e-03 
 1.18000000e-02  0.00000000e+00  4.04464642e+00  4.04869917e-03 -4.04464642e-03  4.04464642e-03 
 1.19000000e-02  0.00000000e+00  3.84729024e+00  3.85114525e-03 -3.84729024e-03  3.84729024e-03 
 1.20000000e-02  0.00000000e+00  3.65956395e+00  3.66323085e-03 -3.65956395e-03  3.65956395e-03 
 1.21000000e-02  0.00000000e+00  3.48099765e+00  3.48448563e-03 -3.48099765e-03  3.48099765e-03 
 1.22000000e-02  0.00000000e+00  3.31114439e+00  3.31446217e-03 -3.31114439e-03  3.31114439e-03 
 1.23000000e-02  0.00000000e+00  3.14957902e+00  3.15273492e-03 -3.14957902e-03  3.14957902e-03 
 1.24000000e-02  0.00000000e+00  2.99589714e+00  2.99889905e-03 -2.99589714e-03  2.99589714e-03 
 1.25000000e-02  0.00000000e+00  2.84971408e+00  2.85256951e-03 -2.84971408e-03  2.84971408e-03 
 1.26000000e-02  0.00000000e+00  2.71066394e+00  2.71338003e-03 -2.71066394e-03  2.71066394e-03 
 1.27000000e-02  0.00000000e+00  2.57839866e+00  2.58098223e-03 -2.57839866e-03  2.57839866e-03 
 1.28000000e-02  0.00000000e+00  2.45258720e+00  2.45504470e-03 -2.45258720e-03  2.45258720e-03 
 1.29000000e-02  0.00000000e+00  2.33291463e+00  2.33525222e-03 -2.33291463e-03  2.33291463e-03 
 1.30000000e-02  0.00000000e+00  2.21908141e+00  2.22130494e-03 -2.21908141e-03  2.21908141e-03 
 1.31000000e-02  0.00000000e+00  2.11080262e+00  2.11291766e-03 -2.11080262e-03  2.11080262e-03 
 1.32000000e-02  0.00000000e+00  2.00780724e+00  2.00981907e-03 -2.00780724e-03  2.00780724e-03 
 1.33000000e-02  0.00000000e+00  1.90983745e+00  1.91175111e-03 -1.90983745e-03  1.90983745e-03 
 1.34000000e-02  0.00000000e+00  1.81664804e+00  1.81846833e-03 -1.81664804e-03  1.81664804e-03 
 1.35000000e-02  0.00000000e+00  1.72800575e+00  1.72973722e-03 -1.72800575e-03  1.72800575e-03 
 1.36000000e-02  0.00000000e+00  1.64368871e+00  1.64533570e-03 -1.64368871e-03  1.64368871e-03 
 1.37000000e-02  0.00000000e+00  1.56348588e+00  1.56505250e-03 -1.56348588e-03  1.56348588e-03 
 1.38000000e-02  0.00000000e+00  1.48719649e+00  1.48868667e-03 -1.48719649e-03  1.48719649e-03 
 1.39000000e-02  0.00000000e+00  1.41462960e+00  1.41604707e-03 -1.41462960e-03  1.41462960e-03 
 1.40000000e-02  0.00000000e+00  1.34560357e+00  1.34695187e-03 -1.34560357e-03  1.34560357e-03 
 1.41000000e-02  0.00000000e+00  1.27994563e+00  1.28122814e-03 -1.27994563e-03  1.27994563e-03 
 1.42000000e-02  0.00000000e+00  1.21749142e+00  1.21871135e-03 -1.21749142e-03  1.21749142e-03 
 1.43000000e-02  0.00000000e+00  1.15808464e+00  1.15924504e-03 -1.15808464e-03  1.15808464e-03 
 1.44000000e-02  0.00000000e+00  1.10157657e+00  1.10268035e-03 -1.10157657e-03  1.10157657e-03 
 1.45000000e-02  0.00000000e+00  1.04782578e+00  1.04887570e-03 -1.04782578e-03  1.04782578e-03 
 1.46000000e-02  0.00000000e+00  9.96697728e-01  9.97696424e-04 -9.96697728e-04  9.96697728e-04 
 1.47000000e-02  0.00000000e+00  9.48064441e-01  9.49014406e-04 -9.48064441e-04  9.48064441e-04 
 1.48000000e-02  0.00000000e+00  9.01804187e-01  9.02707799e-04 -9.01804187e-04  9.01804187e-04 
 1.49000000e-02  0.00000000e+00  8.57801175e-01  8.58660696e-04 -8.57801175e-04  8.57801175e-04 
 1.50000000e-02  0.00000000e+00  8.15945265e-01  8.16762846e-04 -8.15945265e-04  8.15945265e-04 
 1.51000000e-02  0.00000000e+00  7.76131689e-01  7.76909377e-04 -7.76131689e-04  7.76131689e-04 
 1.52000000e-02  0.00000000e+00  7.38260794e-01  7.39000535e-04 -7.38260794e-04  7.38260794e-04 
 1.53000000e-02  0.00000000e+00  7.02237787e-01  7.02941433e-04 -7.02237787e-04  7.02237787e-04 
 1.54000000e-02  0.00000000e+00  6.67972502e-01  6.68641814e-04 -6.67972502e-04  6.67972502e-04 
 1.55000000e-02  0.00000000e+00  6.35379171e-01  6.36015824e-04 -6.35379171e-04  6.35379171e-04 
 1.56000000e-02  0.00000000e+00  6.04376213e-01  6.04981801e-04 -6.04376213e-04  6.04376213e-04 
 1.57000000e-02  0.00000000e+00  5.74886027e-01  5.75462066e-04 -5.74886027e-04  5.74886027e-04 
 1.58000000e-02  0.00000000e+00  5.46834797e-01  5.47382728e-04 -5.46834797e-04  5.46834797e-04 
 1.59000000e-02  0.00000000e+00  5.20152311e-01  5.20673506e-04 -5.20152311e-04  5.20152311e-04 
 1.60000000e-02  0.00000000e+00  4.94771780e-01  4.95267544e-04 -4.94771780e-04  4.94771780e-04 
 1.61000000e-02  0.00000000e+00  4.70629679e-01  4.71101252e-04 -4.70629679e-04  4.70629679e-04 
 1.62000000e-02  0.00000000e+00  4.47665577e-01  4.48114140e-04 -4.47665577e-04  4.47665577e-04 
 1.63000000e-02  0.00000000e+00  4.25821995e-01  4.26248670e-04 -4.25821995e-04  4.25821995e-04 
 1.64000000e-02  0.00000000e+00  4.05044258e-01  4.05450114e-04 -4.05044258e-04  4.05044258e-04 
 1.65000000e-02  0.00000000e+00  3.85280358e-01  3.85666411e-04 -3.85280358e-04  3.85280358e-04 
 1.66000000e-02  0.00000000e+00  3.66480827e-01  3.66848042e-04 -3.66480827e-04  3.66480827e-04 
 1.67000000e-02  0.00000000e+00  3.48598608e-01  3.48947905e-04 -3.48598608e-04  3.48598608e-04 
 1.68000000e-02  0.00000000e+00  3.31588941e-01  3.31921195e-04 -3.31588941e-04  3.31588941e-04 
 1.69000000e-02  0.00000000e+00  3.15409251e-01  3.15725293e-04 -3.15409251e-04  3.15409251e-04 
 1.70000000e-02  0.00000000e+00  3.00019040e-01  3.00319660e-04 -3.00019040e-04  3.00019040e-04 
 1.71000000e-02  0.00000000e+00  2.85379785e-01  2.85665737e-04 -2.85379785e-04  2.85379785e-04 
 1.72000000e-02  0.00000000e+00  2.71454844e-01  2.71726843e-04 -2.71454844e-04  2.71454844e-04 
 1.73000000e-02  0.00000000e+00  2.58209362e-01  2.58468089e-04 -2.58209362e-04  2.58209362e-04 
 1.74000000e-02  0.00000000e+00  2.45610186e-01  2.45856289e-04 -2.45610186e-04  2.45610186e-04 
 1.75000000e-02  0.00000000e+00  2.33625780e-01  2.33859874e-04 -2.33625780e-04  2.33625780e-04 
 1.76000000e-02  0.00000000e+00  2.22226146e-01  2.22448817e-04 -2.22226146e-04  2.22226146e-04 
 1.77000000e-02  0.00000000e+00  2.11382750e-01  2.11594556e-04 -2.11382750e-04  2.11382750e-04 
 1.78000000e-02  0.00000000e+00  2.01068451e-01  2.01269923e-04 -2.01068451e-04  2.01068451e-04 
 1.79000000e-02  0.00000000e+00  1.91257433e-01  1.91449074e-04 -1.91257433e-04  1.91257433e-04 
 1.80000000e-02  0.00000000e+00  1.81925138e-01  1.82107427e-04 -1.81925138e-04  1.81925138e-04 
 1.81000000e-02  0.00000000e+00  1.73048206e-01  1.73221601e-04 -1.73048206e-04  1.73048206e-04 
 1.82000000e-02  0.00000000e+00  1.64604419e-01  1.64769354e-04 -1.64604419e-04  1.64604419e-04 
 1.83000000e-02  0.00000000e+00  1.56572642e-01  1.56729529e-04 -1.56572642e-04  1.56572642e-04 
 1.84000000e-02  0.00000000e+00  1.48932771e-01  1.49082002e-04 -1.48932771e-04  1.48932771e-04 
 1.85000000e-02  0.00000000e+00  1.41665683e-01  1.41807633e-04 -1.41665683e-04  1.41665683e-04 
 1.86000000e-02  0.00000000e+00  1.34753188e-01  1.34888211e-04 -1.34753188e-04  1.34753188e-04 
 1.87000000e-02  0.00000000e+00  1.28177985e-01  1.28306420e-04 -1.28177985e-04  1.28177985e-04 
 1.88000000e-02  0.00000000e+00  1.21923614e-01  1.22045782e-04 -1.21923614e-04  1.21923614e-04 
 1.89000000e-02  0.00000000e+00  1.15974422e-01  1.16090629e-04 -1.15974422e-04  1.15974422e-04 
 1.90000000e-02  0.00000000e+00  1.10315518e-01  1.10426054e-04 -1.10315518e-04  1.10315518e-04 
 1.91000000e-02  0.00000000e+00  1.04932736e-01  1.05037879e-04 -1.04932736e-04  1.04932736e-04 
 1.92000000e-02  0.00000000e+00  9.98126040e-02  9.99126167e-05 -9.98126040e-05  9.98126040e-05 
 1.93000000e-02  0.00000000e+00  9.49423060e-02  9.50374386e-05 -9.49423060e-05  9.49423060e-05 
 1.94000000e-02  0.00000000e+00  9.03096512e-02  9.04001420e-05 -9.03096512e-05  9.03096512e-05 
 1.95000000e-02  0.00000000e+00  8.59030442e-02  8.59891195e-05 -8.59030442e-05  8.59030442e-05 
 1.96000000e-02  0.00000000e+00  8.17114551e-02  8.17933303e-05 -8.17114551e-05  8.17114551e-05 
 1.97000000e-02  0.00000000e+00  7.77243920e-02  7.78022723e-05 -7.77243920e-05  7.77243920e-05 
 1.98000000e-02  0.00000000e+00  7.39318755e-02  7.40059555e-05 -7.39318755e-05  7.39318755e-05 
 1.99000000e-02  0.00000000e+00  7.03244125e-02  7.03948779e-05 -7.03244125e-05  7.03244125e-05 
 2.00000000e-02  0.00000000e+00  6.68929736e-02  6.69600007e-05 -6.68929736e-05  6.68929736e-05 
 2.01000000e-02  0.00000000e+00  6.36289698e-02  6.36927263e-05 -6.36289698e-05  6.36289698e-05 
 2.02000000e-02  0.00000000e+00  6.05242312e-02  6.05848767e-05 -6.05242312e-05  6.05242312e-05 
 2.03000000e-02  0.00000000e+00  5.75709864e-02  5.76286728e-05 -5.75709864e-05  5.75709864e-05 
 2.04000000e-02  0.00000000e+00  5.47618436e-02  5.48167152e-05 -5.47618436e-05  5.47618436e-05 
 2.05000000e-02  0.00000000e+00  5.20897712e-02  5.21419654e-05 -5.20897712e-05  5.20897712e-05 
 2.06000000e-02  0.00000000e+00  4.95480811e-02  4.95977285e-05 -4.95480811e-05  4.95480811e-05 
 2.07000000e-02  0.00000000e+00  4.71304112e-02  4.71776361e-05 -4.71304112e-05  4.71304112e-05 
 2.08000000e-02  0.00000000e+00  4.48307101e-02  4.48756307e-05 -4.48307101e-05  4.48307101e-05 
 2.09000000e-02  0.00000000e+00  4.26432217e-02  4.26859504e-05 -4.26432217e-05  4.26432217e-05 
 2.10000000e-02  0.00000000e+00  4.05624704e-02  4.06031142e-05 -4.05624704e-05  4.05624704e-05 
 2.11000000e-02  0.00000000e+00  3.85832482e-02  3.86219088e-05 -3.85832482e-05  3.85832482e-05 
 2.12000000e-02  0.00000000e+00  3.67006010e-02  3.67373752e-05 -3.67006010e-05  3.67006010e-05 
 2.13000000e-02  0.00000000e+00  3.49098165e-02  3.49447963e-05 -3.49098165e-05  3.49098165e-05 
 2.14000000e-02  0.00000000e+00  3.32064123e-02  3.32396853e-05 -3.32064123e-05  3.32064123e-05 
 2.15000000e-02  0.00000000e+00  3.15861247e-02  3.16177741e-05 -3.15861247e-05  3.15861247e-05 
 2.16000000e-02  0.00000000e+00  3.00448980e-02  3.00750032e-05 -3.00448980e-05  3.00448980e-05 
 2.17000000e-02  0.00000000e+00  2.85788747e-02  2.86075109e-05 -2.85788747e-05  2.85788747e-05 
 2.18000000e-02  0.00000000e+00  2.71843851e-02  2.72116240e-05 -2.71843851e-05  2.71843851e-05 
 2.19000000e-02  0.00000000e+00  2.58579388e-02  2.58838486e-05 -2.58579388e-05  2.58579388e-05 
 2.20000000e-02  0.00000000e+00  2.45962157e-02  2.46208612e-05 -2.45962157e-05  2.45962157e-05 
 2.21000000e-02  0.00000000e+00  2.33960576e-02  2.34195006e-05 -2.33960576e-05  2.33960576e-05 
 2.22000000e-02  0.00000000e+00  2.22544606e-02  2.22767596e-05 -2.22544606e-05  2.22544606e-05 
 2.23000000e-02  0.00000000e+00  2.11685671e-02  2.11897781e-05 -2.11685671e-05  2.11685671e-05 
 2.24000000e-02  0.00000000e+00  2.01356591e-02  2.01558352e-05 -2.01356591e-05  2.01356591e-05 
 2.25000000e-02  0.00000000e+00  1.91531513e-02  1.91723429e-05 -1.91531513e-05  1.91531513e-05 
 2.26000000e-02  0.00000000e+00  1.82185844e-02  1.82368395e-05 -1.82185844e-05  1.82185844e-05 
 2.27000000e-02  0.00000000e+00  1.73296192e-02  1.73469835e-05 -1.73296192e-05  1.73296192e-05 
 2.28000000e-02  0.00000000e+00  1.64840305e-02  1.65005476e-05 -1.64840305e-05  1.64840305e-05 
 2.29000000e-02  0.00000000e+00  1.56797018e-02  1.56954129e-05 -1.56797018e-05  1.56797018e-05 
 2.30000000e-02  0.00000000e+00  1.49146198e-02  1.49295644e-05 -1.49146198e-05  1.49146198e-05 
 2.31000000e-02  0.00000000e+00  1.41868696e-02  1.42010849e-05 -1.41868696e-05  1.41868696e-05 
 2.32000000e-02  0.00000000e+00  1.34946295e-02  1.35081512e-05 -1.34946295e-05  1.34946295e-05 
 2.33000000e-02  0.00000000e+00  1.28361669e-02  1.28490288e-05 -1.28361669e-05  1.28361669e-05 
 2.34000000e-02  0.00000000e+00  1.22098336e-02  1.22220679e-05 -1.22098336e-05  1.22098336e-05 
 2.35000000e-02  0.00000000e+00  1.16140619e-02  1.16256992e-05 -1.16140619e-05  1.16140619e-05 
 2.36000000e-02  0.00000000e+00  1.10473605e-02  1.10584300e-05 -1.10473605e-05  1.10473605e-05 
 2.37000000e-02  0.00000000e+00  1.05083109e-02  1.05188403e-05 -1.05083109e-05  1.05083109e-05 
 2.38000000e-02  0.00000000e+00  9.99556400e-03  1.00055796e-05 -9.99556400e-06  9.99556400e-06 
 2.39000000e-02  0.00000000e+00  9.50783625e-03  9.51736315e-06 -9.50783625e-06  9.50783625e-06 
 2.40000000e-02  0.00000000e+00  9.04390690e-03  9.05296894e-06 -9.04390690e-06  9.04390690e-06 
 2.41000000e-02  0.00000000e+00  8.60261471e-03  8.61123458e-06 -8.60261471e-06  8.60261471e-06 
 2.42000000e-02  0.00000000e+00  8.18285512e-03  8.19105438e-06 -8.18285512e-06  8.18285512e-06 
 2.43000000e-02  0.00000000e+00  7.78357746e-03  7.79137664e-06 -7.78357746e-06  7.78357746e-06 
 2.44000000e-02  0.00000000e+00  7.40378231e-03  7.41120094e-06 -7.40378231e-06  7.40378231e-06 
 2.45000000e-02  0.00000000e+00  7.04251905e-03  7.04957569e-06 -7.04251905e-06  7.04251905e-06 
 2.46000000e-02  0.00000000e+00  6.69888342e-03  6.70559574e-06 -6.69888342e-06  6.69888342e-06 
 2.47000000e-02  0.00000000e+00  6.37201530e-03  6.37840009e-06 -6.37201530e-06  6.37201530e-06 
 2.48000000e-02  0.00000000e+00  6.06109651e-03  6.06716976e-06 -6.06109651e-06  6.06109651e-06 
 2.49000000e-02  0.00000000e+00  5.76534882e-03  5.77112573e-06 -5.76534882e-06  5.76534882e-06 
 2.50000000e-02  0.00000000e+00  5.48403197e-03  5.48952700e-06 -5.48403197e-06  5.48403197e-06 
 2.51000000e-02  0.00000000e+00  5.21644182e-03  5.22166872e-06 -5.21644182e-06  5.21644182e-06 
 2.52000000e-02  0.00000000e+00  4.96190857e-03  4.96688042e-06 -4.96190857e-06  4.96190857e-06 
 2.53000000e-02  0.00000000e+00  4.71979512e-03  4.72452438e-06 -4.71979512e-06  4.71979512e-06 
 2.54000000e-02  0.00000000e+00  4.48949546e-03  4.49399395e-06 -4.48949546e-06  4.48949546e-06 
 2.55000000e-02  0.00000000e+00  4.27043313e-03  4.27471213e-06 -4.27043313e-06  4.27043313e-06 
 2.56000000e-02  0.00000000e+00  4.06205983e-03  4.06613003e-06 -4.06205983e-06  4.06205983e-06 
 2.57000000e-02  0.00000000e+00  3.86385397e-03  3.86772558e-06 -3.86385397e-06  3.86385397e-06 
 2.58000000e-02  0.00000000e+00  3.67531946e-03  3.67900215e-06 -3.67531946e-06  3.67531946e-06 
 2.59000000e-02  0.00000000e+00  3.49598438e-03  3.49948738e-06 -3.49598438e-06  3.49598438e-06 
 2.60000000e-02  0.00000000e+00  3.32539985e-03  3.32873192e-06 -3.32539985e-06  3.32539985e-06 
 2.61000000e-02  0.00000000e+00  3.16313890e-03  3.16630838e-06 -3.16313890e-06  3.16313890e-06 
 2.62000000e-02  0.00000000e+00  3.00879537e-03  3.01181020e-06 -3.00879537e-06  3.00879537e-06 
 2.63000000e-02  0.00000000e+00  2.86198295e-03  2.86485067e-06 -2.86198295e-06  2.86198295e-06 
 2.64000000e-02  0.00000000e+00  2.72233415e-03  2.72506194e-06 -2.72233415e-06  2.72233415e-06 
 2.65000000e-02  0.00000000e+00  2.58949944e-03  2.59209413e-06 -2.58949944e-06  2.58949944e-06 
 2.66000000e-02  0.00000000e+00  2.46314632e-03  2.46561440e-06 -2.46314632e-06  2.46314632e-06 
 2.67000000e-02  0.00000000e+00  2.34295852e-03  2.34530618e-06 -2.34295852e-06  2.34295852e-06 
 2.68000000e-02  0.00000000e+00  2.22863522e-03  2.23086832e-06 -2.22863522e-06  2.22863522e-06 
 2.69000000e-02  0.00000000e+00  2.11989026e-03  2.12201440e-06 -2.11989026e-06  2.11989026e-06 
 2.70000000e-02  0.00000000e+00  2.01645144e-03  2.01847194e-06 -2.01645144e-06  2.01645144e-06 
 2.71000000e-02  0.00000000e+00  1.91805987e-03  1.91998177e-06 -1.91805987e-06  1.91805987e-06 
 2.72000000e-02  0.00000000e+00  1.82446925e-03  1.82629738e-06 -1.82446925e-06  1.82446925e-06 
 2.73000000e-02  0.00000000e+00  1.73544533e-03  1.73718426e-06 -1.73544533e-06  1.73544533e-06 
 2.74000000e-02  0.00000000e+00  1.65076528e-03  1.65241936e-06 -1.65076528e-06  1.65076528e-06 
 2.75000000e-02  0.00000000e+00  1.57021715e-03  1.57179051e-06 -1.57021715e-06  1.57021715e-06 
 2.76000000e-02  0.00000000e+00  1.49359932e-03  1.49509591e-06 -1.49359932e-06  1.49359932e-06 
 2.77000000e-02  0.00000000e+00  1.42072000e-03  1.42214357e-06 -1.42072000e-06  1.42072000e-06 
 2.78000000e-02  0.00000000e+00  1.35139680e-03  1.35275090e-06 -1.35139680e-06  1.35139680e-06 
 2.79000000e-02  0.00000000e+00  1.28545617e-03  1.28674421e-06 -1.28545617e-06  1.28545617e-06 
 2.80000000e-02  0.00000000e+00  1.22273309e-03  1.22395827e-06 -1.22273309e-06  1.22273309e-06 
 2.81000000e-02  0.00000000e+00  1.16307053e-03  1.16423594e-06 -1.16307053e-06  1.16307053e-06 
 2.82000000e-02  0.00000000e+00  1.10631918e-03  1.10742772e-06 -1.10631918e-06  1.10631918e-06 
 2.83000000e-02  0.00000000e+00  1.05233698e-03  1.05339143e-06 -1.05233698e-06  1.05233698e-06 
 2.84000000e-02  0.00000000e+00  1.00098881e-03  1.00199180e-06 -1.00098881e-06  1.00098881e-06 
 2.85000000e-02  0.00000000e+00  9.52146141e-04  9.53100196e-07 -9.52146141e-07  9.52146141e-07 
 2.86000000e-02  0.00000000e+00  9.05686723e-04  9.06594225e-07 -9.05686723e-07  9.05686723e-07 
 2.87000000e-02  0.00000000e+00  8.61494265e-04  8.62357486e-07 -8.61494265e-07  8.61494265e-07 
 2.88000000e-02  0.00000000e+00  8.19458152e-04  8.20279253e-07 -8.19458152e-07  8.19458152e-07 
 2.89000000e-02  0.00000000e+00  7.79473167e-04  7.80254203e-07 -7.79473167e-07  7.79473167e-07 
 2.90000000e-02  0.00000000e+00  7.41439227e-04  7.42182152e-07 -7.41439227e-07  7.41439227e-07 
 2.91000000e-02  0.00000000e+00  7.05261130e-04  7.05967805e-07 -7.05261130e-07  7.05261130e-07 
 2.92000000e-02  0.00000000e+00  6.70848322e-04  6.71520516e-07 -6.70848322e-07  6.70848322e-07 
 2.93000000e-02  0.00000000e+00  6.38114668e-04  6.38754062e-07 -6.38114668e-07  6.38114668e-07 
 2.94000000e-02  0.00000000e+00  6.06978233e-04  6.07586428e-07 -6.06978233e-07  6.06978233e-07 
 2.95000000e-02  0.00000000e+00  5.77361083e-04  5.77939601e-07 -5.77361083e-07  5.77361083e-07 
 2.96000000e-02  0.00000000e+00  5.49189084e-04  5.49739374e-07 -5.49189084e-07  5.49189084e-07 
 2.97000000e-02  0.00000000e+00  5.22391721e-04  5.22915160e-07 -5.22391721e-07  5.22391721e-07 
 2.98000000e-02  0.00000000e+00  4.96901920e-04  4.97399819e-07 -4.96901920e-07  4.96901920e-07 
 2.99000000e-02  0.00000000e+00  4.72655880e-04  4.73129483e-07 -4.72655880e-07  4.72655880e-07 
 3.00000000e-02  0.00000000e+00  4.49592910e-04  4.50043405e-07 -4.49592910e-07  4.49592910e-07 
 3.01000000e-02  0.00000000e+00  4.27655285e-04  4.28083798e-07 -4.27655285e-07  4.27655285e-07 
 3.02000000e-02  0.00000000e+00  4.06788094e-04  4.07195698e-07 -4.06788094e-07  4.06788094e-07 
 3.03000000e-02  0.00000000e+00  3.86939105e-04  3.87326820e-07 -3.86939105e-07  3.86939105e-07 
 3.04000000e-02  0.00000000e+00  3.68058636e-04  3.68427433e-07 -3.68058636e-07  3.68058636e-07 
 3.05000000e-02  0.00000000e+00  3.50099429e-04  3.50450230e-07 -3.50099429e-07  3.50099429e-07 
 3.06000000e-02  0.00000000e+00  3.33016530e-04  3.33350214e-07 -3.33016530e-07  3.33016530e-07 
 3.07000000e-02  0.00000000e+00  3.16767182e-04  3.17084584e-07 -3.16767182e-07  3.16767182e-07 
 3.08000000e-02  0.00000000e+00  3.01310711e-04  3.01612626e-07 -3.01310711e-07  3.01310711e-07 
 3.09000000e-02  0.00000000e+00  2.86608430e-04  2.86895613e-07 -2.86608430e-07  2.86608430e-07 
 3.10000000e-02  0.00000000e+00  2.72623538e-04  2.72896708e-07 -2.72623538e-07  2.72623538e-07 
 3.11000000e-02  0.00000000e+00  2.59321031e-04  2.59580872e-07 -2.59321031e-07  2.59321031e-07 
 3.12000000e-02  0.00000000e+00  2.46667611e-04  2.46914774e-07 -2.46667611e-07  2.46667611e-07 
 3.13000000e-02  0.00000000e+00  2.34631609e-04  2.34866711e-07 -2.34631609e-07  2.34631609e-07 
 3.14000000e-02  0.00000000e+00  2.23182895e-04  2.23406526e-07 -2.23182895e-07  2.23182895e-07 
 3.15000000e-02  0.00000000e+00  2.12292816e-04  2.12505534e-07 -2.12292816e-07  2.12292816e-07 
 3.16000000e-02  0.00000000e+00  2.01934111e-04  2.02136450e-07 -2.01934111e-07  2.01934111e-07 
 3.17000000e-02  0.00000000e+00  1.92080853e-04  1.92273319e-07 -1.92080853e-07  1.92080853e-07 
 3.18000000e-02  0.00000000e+00  1.82708379e-04  1.82891454e-07 -1.82708379e-07  1.82708379e-07 
 3.19000000e-02  0.00000000e+00  1.73793230e-04  1.73967372e-07 -1.73793230e-07  1.73793230e-07 
 3.20000000e-02  0.00000000e+00  1.65313090e-04  1.65478735e-07 -1.65313090e-07  1.65313090e-07 
 3.21000000e-02  0.00000000e+00  1.57246734e-04  1.57404296e-07 -1.57246734e-07  1.57246734e-07 
 3.22000000e-02  0.00000000e+00  1.49573971e-04  1.49723845e-07 -1.49573971e-07  1.49573971e-07 
 3.23000000e-02  0.00000000e+00  1.42275596e-04  1.42418157e-07 -1.42275596e-07  1.42275596e-07 
 3.24000000e-02  0.00000000e+00  1.35333341e-04  1.35468945e-07 -1.35333341e-07  1.35333341e-07 
 3.25000000e-02  0.00000000e+00  1.28729829e-04  1.28858817e-07 -1.28729829e-07  1.28729829e-07 
 3.26000000e-02  0.00000000e+00  1.22448532e-04  1.22571226e-07 -1.22448532e-07  1.22448532e-07 
 3.27000000e-02  0.00000000e+00  1.16473727e-04  1.16590434e-07 -1.16473727e-07  1.16473727e-07 
 3.28000000e-02  0.00000000e+00  1.10790459e-04  1.10901471e-07 -1.10790459e-07  1.10790459e-07 
 3.29000000e-02  0.00000000e+00  1.05384503e-04  1.05490098e-07 -1.05384503e-07  1.05384503e-07 
 3.30000000e-02  0.00000000e+00  1.00242327e-04  1.00342770e-07 -1.00242327e-07  1.00242327e-07 
 3.31000000e-02  0.00000000e+00  9.53510609e-05  9.54466031e-08 -9.53510609e-08  9.53510609e-08 
 3.32000000e-02  0.00000000e+00  9.06984612e-05  9.07893415e-08 -9.06984612e-08  9.06984612e-08 
 3.33000000e-02  0.00000000e+00  8.62728824e-05  8.63593283e-08 -8.62728824e-08  8.62728824e-08 
 3.34000000e-02  0.00000000e+00  8.20632472e-05  8.21454750e-08 -8.20632472e-08  8.20632472e-08 
 3.35000000e-02  0.00000000e+00  7.80590187e-05  7.81372342e-08 -7.80590187e-08  7.80590187e-08 
 3.36000000e-02  0.00000000e+00  7.42501742e-05  7.43245732e-08 -7.42501742e-08  7.42501742e-08 
 3.37000000e-02  0.00000000e+00  7.06271801e-05  7.06979488e-08 -7.06271801e-08  7.06271801e-08 
 3.38000000e-02  0.00000000e+00  6.71809678e-05  6.72482835e-08 -6.71809678e-08  6.71809678e-08 
 3.39000000e-02  0.00000000e+00  6.39029115e-05  6.39669425e-08 -6.39029115e-08  6.39029115e-08 
 3.40000000e-02  0.00000000e+00  6.07848060e-05  6.08457127e-08 -6.07848060e-08  6.07848060e-08 
 3.41000000e-02  0.00000000e+00  5.78188467e-05  5.78767815e-08 -5.78188467e-08  5.78188467e-08 
 3.42000000e-02  0.00000000e+00  5.49976096e-05  5.50527175e-08 -5.49976096e-08  5.49976096e-08 
 3.43000000e-02  0.00000000e+00  5.23140332e-05  5.23664521e-08 -5.23140332e-08  5.23140332e-08 
 3.44000000e-02  0.00000000e+00  4.97614003e-05  4.98112615e-08 -4.97614003e-08  4.97614003e-08 
 3.45000000e-02  0.00000000e+00  4.73333217e-05  4.73807499e-08 -4.73333217e-08  4.73333217e-08 
 3.46000000e-02  0.00000000e+00  4.50237197e-05  4.50688337e-08 -4.50237197e-08  4.50237197e-08 
 3.47000000e-02  0.00000000e+00  4.28268134e-05  4.28697261e-08 -4.28268134e-08  4.28268134e-08 
 3.48000000e-02  0.00000000e+00  4.07371039e-05  4.07779227e-08 -4.07371039e-08  4.07371039e-08 
 3.49000000e-02  0.00000000e+00  3.87493606e-05  3.87881877e-08 -3.87493606e-08  3.87493606e-08 
 3.50000000e-02  0.00000000e+00  3.68586081e-05  3.68955406e-08 -3.68586081e-08  3.68586081e-08 
 3.51000000e-02  0.00000000e+00  3.50601137e-05  3.50952441e-08 -3.50601137e-08  3.50601137e-08 
 3.52000000e-02  0.00000000e+00  3.33493758e-05  3.33827920e-08 -3.33493758e-08  3.33493758e-08 
 3.53000000e-02  0.00000000e+00  3.17221123e-05  3.17538981e-08 -3.17221123e-08  3.17221123e-08 
 3.54000000e-02  0.00000000e+00  3.01742503e-05  3.02044850e-08 -3.01742503e-08  3.01742503e-08 
 3.55000000e-02  0.00000000e+00  2.87019153e-05  2.87306747e-08 -2.87019153e-08  2.87019153e-08 
 3.56000000e-02  0.00000000e+00  2.73014220e-05  2.73287781e-08 -2.73014220e-08  2.73014220e-08 
 3.57000000e-02  0.00000000e+00  2.59692649e-05  2.59952863e-08 -2.59692649e-08  2.59692649e-08 
 3.58000000e-02  0.00000000e+00  2.47021097e-05  2.47268614e-08 -2.47021097e-08  2.47021097e-08 
 3.59000000e-02  0.00000000e+00  2.34967846e-05  2.35203285e-08 -2.34967846e-08  2.34967846e-08 
 3.60000000e-02  0.00000000e+00  2.23502727e-05  2.23726677e-08 -2.23502727e-08  2.23502727e-08 
 3.61000000e-02  0.00000000e+00  2.12597041e-05  2.12810064e-08 -2.12597041e-08  2.12597041e-08 
 3.62000000e-02  0.00000000e+00  2.02223492e-05  2.02426120e-08 -2.02223492e-08  2.02223492e-08 
 3.63000000e-02  0.00000000e+00  1.92356114e-05  1.92548855e-08 -1.92356114e-08  1.92356114e-08 
 3.64000000e-02  0.00000000e+00  1.82970209e-05  1.83153546e-08 -1.82970209e-08  1.82970209e-08 
 3.65000000e-02  0.00000000e+00  1.74042284e-05  1.74216675e-08 -1.74042284e-08  1.74042284e-08 
 3.66000000e-02  0.00000000e+00  1.65549991e-05  1.65715873e-08 -1.65549991e-08  1.65549991e-08 
 3.67000000e-02  0.00000000e+00  1.57472076e-05  1.57629863e-08 -1.57472076e-08  1.57472076e-08 
 3.68000000e-02  0.00000000e+00  1.49788317e-05  1.49938406e-08 -1.49788317e-08  1.49788317e-08 
 3.69000000e-02  0.00000000e+00  1.42479483e-05  1.42622248e-08 -1.42479483e-08  1.42479483e-08 
 3.70000000e-02  0.00000000e+00  1.35527280e-05  1.35663079e-08 -1.35527280e-08  1.35527280e-08 
 3.71000000e-02  0.00000000e+00  1.28914305e-05  1.29043477e-08 -1.28914305e-08  1.28914305e-08 
 3.72000000e-02  0.00000000e+00  1.22624006e-05  1.22746876e-08 -1.22624006e-08  1.22624006e-08 
 3.73000000e-02  0.00000000e+00  1.16640639e-05  1.16757513e-08 -1.16640639e-08  1.16640639e-08 
 3.74000000e-02  0.00000000e+00  1.10949226e-05  1.11060398e-08 -1.10949226e-08  1.10949226e-08 
 3.75000000e-02  0.00000000e+00  1.05535523e-05  1.05641270e-08 -1.05535523e-08  1.05535523e-08 
 3.76000000e-02  0.00000000e+00  1.00385979e-05  1.00486566e-08 -1.00385979e-08  1.00385979e-08 
 3.77000000e-02  0.00000000e+00  9.54877032e-06  9.55833824e-09 -9.54877032e-09  9.54877032e-09 
 3.78000000e-02  0.00000000e+00  9.08284362e-06  9.09194467e-09 -9.08284362e-09  9.08284362e-09 
 3.79000000e-02  0.00000000e+00  8.63965153e-06  8.64830851e-09 -8.63965153e-09  8.63965153e-09 
 3.80000000e-02  0.00000000e+00  8.21808475e-06  8.22631931e-09 -8.21808475e-09  8.21808475e-09 
 3.81000000e-02  0.00000000e+00  7.81708808e-06  7.82492084e-09 -7.81708808e-09  7.81708808e-09 
 3.82000000e-02  0.00000000e+00  7.43565780e-06  7.44310837e-09 -7.43565780e-09  7.43565780e-09 
 3.83000000e-02  0.00000000e+00  7.07283920e-06  7.07992622e-09 -7.07283920e-09  7.07283920e-09 
 3.84000000e-02  0.00000000e+00  6.72772411e-06  6.73446533e-09 -6.72772411e-09  6.72772411e-09 
 3.85000000e-02  0.00000000e+00  6.39944872e-06  6.40586100e-09 -6.39944872e-09  6.39944872e-09 
 3.86000000e-02  0.00000000e+00  6.08719134e-06  6.09329073e-09 -6.08719134e-09  6.08719134e-09 
 3.87000000e-02  0.00000000e+00  5.79017037e-06  5.79597215e-09 -5.79017037e-09  5.79017037e-09 
 3.88000000e-02  0.00000000e+00  5.50764237e-06  5.51316105e-09 -5.50764237e-09  5.50764237e-09 
 3.89000000e-02  0.00000000e+00  5.23890015e-06  5.24414956e-09 -5.23890015e-09  5.23890015e-09 
 3.90000000e-02  0.00000000e+00  4.98327106e-06  4.98826432e-09 -4.98327106e-09  4.98327106e-09 
 3.91000000e-02  0.00000000e+00  4.74011524e-06  4.74486486e-09 -4.74011524e-09  4.74011524e-09 
 3.92000000e-02  0.00000000e+00  4.50882407e-06  4.51334194e-09 -4.50882407e-09  4.50882407e-09 
 3.93000000e-02  0.00000000e+00  4.28881862e-06  4.29311604e-09 -4.28881862e-09  4.28881862e-09 
 3.94000000e-02  0.00000000e+00  4.07954820e-06  4.08363593e-09 -4.07954820e-09  4.07954820e-09 
 3.95000000e-02  0.00000000e+00  3.88048902e-06  3.88437729e-09 -3.88048902e-09  3.88048902e-09 
 3.96000000e-02  0.00000000e+00  3.69114281e-06  3.69484135e-09 -3.69114281e-09  3.69114281e-09 
 3.97000000e-02  0.00000000e+00  3.51103564e-06  3.51455371e-09 -3.51103564e-09  3.51103564e-09 
 3.98000000e-02  0.00000000e+00  3.33971669e-06  3.34306310e-09 -3.33971669e-09  3.33971669e-09 
 3.99000000e-02  0.00000000e+00  3.17675715e-06  3.17994028e-09 -3.17675715e-09  3.17675715e-09 
