#     Time(s)      Vno'001(V)      Vno'002(V)      Vno'003(V)      IcompV1(A)   
 2.00000000e-09  1.25663706e-05  6.28319159e-06  1.25663580e-11 -6.28317902e-09 
 1.00000000e-04  6.27905195e-01  3.16658123e-01  5.41105067e-03 -3.11247072e-04 
 2.00000000e-04  1.25333234e+00  6.37211007e-01  2.10896779e-02 -6.16121329e-04 
 3.00000000e-04  1.87381315e+00  9.60308573e-01  4.68040005e-02 -9.13504573e-04 
 4.00000000e-04  2.48689887e+00  1.28459211e+00  8.22853397e-02 -1.20230677e-03 
 5.00000000e-04  3.09016994e+00  1.60869959e+00  1.27229234e-01 -1.48147035e-03 
 6.00000000e-04  3.68124553e+00  1.93127106e+00  1.81296593e-01 -1.74997447e-03 
 7.00000000e-04  4.25779292e+00  2.25095396e+00  2.44114995e-01 -2.00683896e-03 
 8.00000000e-04  4.81753674e+00  2.56640842e+00  3.15280107e-01 -2.25112832e-03 
 9.00000000e-04  5.35826795e+00  2.87631260e+00  3.94357240e-01 -2.48195535e-03 
 1.00000000e-03  5.87785252e+00  3.17936777e+00  4.80883024e-01 -2.69848475e-03 
 1.10000000e-03  6.37423990e+00  3.47430354e+00  5.74367191e-01 -2.89993635e-03 
 1.20000000e-03  6.84547106e+00  3.75988276e+00  6.74294469e-01 -3.08558830e-03 
 1.30000000e-03  7.28968627e+00  4.03490643e+00  7.80126577e-01 -3.25477985e-03 
 1.40000000e-03  7.70513243e+00  4.29821837e+00  8.91304307e-01 -3.40691406e-03 
 1.50000000e-03  8.09016994e+00  4.54870982e+00  1.00724970e+00 -3.54146012e-03 
 1.60000000e-03  8.44327926e+00  4.78532376e+00  1.12736826e+00 -3.65795550e-03 
 1.70000000e-03  8.76306680e+00  5.00705906e+00  1.25105131e+00 -3.75600774e-03 
 1.80000000e-03  9.04827052e+00  5.21297442e+00  1.37767832e+00 -3.83529610e-03 
 1.90000000e-03  9.29776486e+00  5.40219209e+00  1.50661933e+00 -3.89557277e-03 
 2.00000000e-03  9.51056516e+00  5.57390127e+00  1.63723738e+00 -3.93666389e-03 
 2.10000000e-03  9.68583161e+00  5.72736133e+00  1.76889104e+00 -3.95847028e-03 
 2.20000000e-03  9.82287251e+00  5.86190468e+00  1.90093686e+00 -3.96096782e-03 
 2.30000000e-03  9.92114701e+00  5.97693945e+00  2.03273188e+00 -3.94420757e-03 
 2.40000000e-03  9.98026728e+00  6.07195172e+00  2.16363616e+00 -3.90831556e-03 
 2.50000000e-03  1.00000000e+01  6.14650762e+00  2.29301523e+00 -3.85349238e-03 
 2.60000000e-03  9.98026728e+00  6.20025495e+00  2.42024262e+00 -3.78001233e-03 
 2.70000000e-03  9.92114701e+00  6.23292463e+00  2.54470224e+00 -3.68822239e-03 
 2.80000000e-03  9.82287251e+00  6.24433166e+00  2.66579082e+00 -3.57854084e-03 
 2.90000000e-03  9.68583161e+00  6.23437592e+00  2.78292023e+00 -3.45145569e-03 
 3.00000000e-03  9.51056516e+00  6.20304249e+00  2.89551981e+00 -3.30752267e-03 
 3.10000000e-03  9.29776486e+00  6.15040171e+00  3.00303856e+00 -3.14736315e-03 
 3.20000000e-03  9.04827052e+00  6.07660890e+00  3.10494727e+00 -2.97166163e-03 
 3.30000000e-03  8.76306680e+00  5.98190372e+00  3.20074063e+00 -2.78116308e-03 
 3.40000000e-03  8.44327925e+00  5.86660921e+00  3.28993917e+00 -2.57667004e-03 
 3.50000000e-03  8.09016994e+00  5.73113053e+00  3.37209111e+00 -2.35903942e-03 
 3.60000000e-03  7.70513243e+00  5.57595328e+00  3.44677413e+00 -2.12917915e-03 
 3.70000000e-03  7.28968627e+00  5.40164164e+00  3.51359701e+00 -1.88804463e-03 
 3.80000000e-03  6.84547106e+00  5.20883610e+00  3.57220113e+00 -1.63663496e-03 
 3.90000000e-03  6.37423990e+00  4.99825090e+00  3.62226191e+00 -1.37598899e-03 
 4.00000000e-03  5.87785252e+00  4.77067126e+00  3.66348999e+00 -1.10718126e-03 
 4.10000000e-03  5.35826795e+00  4.52695018e+00  3.69563241e+00 -8.31317769e-04 
 4.20000000e-03  4.81753674e+00  4.26800514e+00  3.71847354e+00 -5.49531598e-04 
 4.30000000e-03  4.25779292e+00  3.99481443e+00  3.73183594e+00 -2.62978486e-04 
 4.40000000e-03  3.68124553e+00  3.70841327e+00  3.73558102e+00  2.71677450e-05 
 4.50000000e-03  3.09016994e+00  3.40988974e+00  3.72960954e+00  3.19719798e-04 
 4.60000000e-03  2.48689887e+00  3.10038045e+00  3.71386203e+00  6.13481581e-04 
 4.70000000e-03  1.87381315e+00  2.78106606e+00  3.68831897e+00  9.07252914e-04 
 4.80000000e-03  1.25333234e+00  2.45316659e+00  3.65300084e+00  1.19983425e-03 
 4.90000000e-03  6.27905195e-01  2.11793661e+00  3.60796802e+00  1.49003141e-03 
 5.00000000e-03 -1.02161498e-10  1.77666027e+00  3.55332055e+00  1.77666027e-03 
 5.10000000e-03 -6.27905195e-01  1.43064624e+00  3.48919768e+00  2.05855144e-03 
 5.20000000e-03 -1.25333234e+00  1.08122250e+00  3.41577733e+00  2.33455484e-03 
 5.30000000e-03 -1.87381315e+00  7.29731110e-01  3.33327537e+00  2.60354426e-03 
 5.40000000e-03 -2.48689887e+00  3.77522909e-01  3.24194469e+00  2.86442178e-03 
 5.50000000e-03 -3.09016994e+00  2.59521582e-02  3.14207426e+00  3.11612210e-03 
 5.60000000e-03 -3.68124553e+00 -3.23628803e-01  3.03398792e+00  3.35761672e-03 
 5.70000000e-03 -4.25779292e+00 -6.69874907e-01  2.91804310e+00  3.58791801e-03 
 5.80000000e-03 -4.81753674e+00 -1.01145368e+00  2.79462938e+00  3.80608306e-03 
 5.90000000e-03 -5.35826795e+00 -1.34705050e+00  2.66416695e+00  4.01121745e-03 
 6.00000000e-03 -5.87785252e+00 -1.67537381e+00  2.52710491e+00  4.20247872e-03 
 6.10000000e-03 -6.37423990e+00 -1.99516020e+00  2.38391951e+00  4.37907970e-03 
 6.20000000e-03 -6.84547106e+00 -2.30517943e+00  2.23511221e+00  4.54029163e-03 
 6.30000000e-03 -7.28968627e+00 -2.60423927e+00  2.08120772e+00  4.68544700e-03 
 6.40000000e-03 -7.70513243e+00 -2.89119025e+00  1.92275192e+00  4.81394218e-03 
 6.50000000e-03 -8.09016994e+00 -3.16493015e+00  1.76030965e+00  4.92523980e-03 
 6.60000000e-03 -8.44327926e+00 -3.42440840e+00  1.59446246e+00  5.01887086e-03 
 6.70000000e-03 -8.76306680e+00 -3.66863021e+00  1.42580637e+00  5.09443659e-03 
 6.80000000e-03 -9.04827052e+00 -3.89666055e+00  1.25494942e+00  5.15160997e-03 
 6.90000000e-03 -9.29776486e+00 -4.10762779e+00  1.08250928e+00  5.19013707e-03 
 7.00000000e-03 -9.51056516e+00 -4.30072716e+00  9.09110833e-01  5.20983800e-03 
 7.10000000e-03 -9.68583161e+00 -4.47522398e+00  7.35383644e-01  5.21060763e-03 
 7.20000000e-03 -9.82287251e+00 -4.63045651e+00  5.61959483e-01  5.19241600e-03 
 7.30000000e-03 -9.92114701e+00 -4.76583860e+00  3.89469817e-01  5.15530841e-03 
 7.40000000e-03 -9.98026728e+00 -4.88086199e+00  2.18543297e-01  5.09940529e-03 
 7.50000000e-03 -1.00000000e+01 -4.97509837e+00  4.98032670e-02  5.02490163e-03 
 7.60000000e-03 -9.98026728e+00 -5.04820100e+00 -1.16134711e-01  4.93206629e-03 
 7.70000000e-03 -9.92114701e+00 -5.09990616e+00 -2.78665302e-01  4.82124086e-03 
 7.80000000e-03 -9.82287251e+00 -5.13003415e+00 -4.37195800e-01  4.69283835e-03 
 7.90000000e-03 -9.68583161e+00 -5.13849005e+00 -5.91148479e-01  4.54734157e-03 
 8.00000000e-03 -9.51056516e+00 -5.12526403e+00 -7.39962890e-01  4.38530114e-03 
 8.10000000e-03 -9.29776486e+00 -5.09043147e+00 -8.83098081e-01  4.20733339e-03 
 8.20000000e-03 -9.04827052e+00 -5.03415264e+00 -1.02003475e+00  4.01411789e-03 
 8.30000000e-03 -8.76306680e+00 -4.95667205e+00 -1.15027730e+00  3.80639475e-03 
 8.40000000e-03 -8.44327925e+00 -4.85831754e+00 -1.27335582e+00  3.58496172e-03 
 8.50000000e-03 -8.09016994e+00 -4.73949894e+00 -1.38882794e+00  3.35067100e-03 
 8.60000000e-03 -7.70513243e+00 -4.60070650e+00 -1.49628058e+00  3.10442592e-03 
 8.70000000e-03 -7.28968627e+00 -4.44250895e+00 -1.59533163e+00  2.84717732e-03 
 8.80000000e-03 -6.84547106e+00 -4.26555124e+00 -1.68563142e+00  2.57991982e-03 
 8.90000000e-03 -6.37423990e+00 -4.07055202e+00 -1.76686415e+00  2.30368788e-03 
 9.00000000e-03 -5.87785252e+00 -3.85830082e+00 -1.83874912e+00  2.01955170e-03 
 9.10000000e-03 -5.35826795e+00 -3.62965492e+00 -1.90104189e+00  1.72861303e-03 
 9.20000000e-03 -4.81753674e+00 -3.38553597e+00 -1.95353519e+00  1.43200077e-03 
 9.30000000e-03 -4.25779292e+00 -3.12692637e+00 -1.99605982e+00  1.13086655e-03 
 9.40000000e-03 -3.68124553e+00 -2.85486540e+00 -2.02848527e+00  8.26380129e-04 
 9.50000000e-03 -3.09016994e+00 -2.57044511e+00 -2.05072028e+00  5.19724832e-04 
 9.60000000e-03 -2.48689887e+00 -2.27480604e+00 -2.06271320e+00  2.12092834e-04 
 9.70000000e-03 -1.87381315e+00 -1.96913268e+00 -2.06445221e+00 -9.53195344e-05 
 9.80000000e-03 -1.25333234e+00 -1.65464885e+00 -2.05596537e+00 -4.01316517e-04 
 9.90000000e-03 -6.27905195e-01 -1.33261285e+00 -2.03732050e+00 -7.04707653e-04 
 1.00000000e-02 -2.51327146e-02 -1.01754838e+00 -2.00996405e+00 -9.92415670e-04 
